01010100100
01010110111
01010110001
01010010001
01001100000
01000101101
01000000110
00111110011
00111110110
01000000101
01000010010
01000001111
00111110010
00110111101
00101111000
00100110001
00011110111
00011010011
00011000101
00011000101
00011000100
00010110100
00010001101
00001001101
00000000000
11110110011
11101110011
11101001100
11100111100
11100111011
11100111011
11100101101
11100001001
11011001111
11010001000
11001000011
11000001110
10111110001
10111101110
10111111011
11000001010
11000001101
10111111010
10111010011
10110100000
10101101111
10101001111
10101001001
10101011100
10110000000
10110100111
10111000010
10111001001
10110111010
10110100000
10110001000
10110000001
10110010011
10110111111
10111111011
11000111001
11001101011
11010000111
11010001110
11010001000
11010000100
11010001111
11010110011
11011101111
11100111011
11110000111
11111000101
11111101101
11111111110
00000000000
00000000010
00000010011
00000111011
00001111001
00011000101
00100010001
00101001101
00101110001
00101111100
00101111000
00101110010
00101111001
00110010101
00111000111
01000000101
01001000001
01001101101
01001111111
01001111000
01001100000
01001000110
01000110111
01000111110
01001011001
01010000000
01010100100
01010110111
01010110001
01010010001
01001100000
01000101101
01000000110
00111110011
00111110110
01000000101
01000010010
01000001111
00111110010
00110111101
00101111000
00100110001
00011110111
00011010011
00011000101
00011000101
00011000100
00010110100
00010001101
00001001101
00000000000
11110110011
11101110011
11101001100
11100111100
11100111011
11100111011
11100101101
11100001001
11011001111
11010001000
11001000011
11000001110
10111110001
10111101110
10111111011
11000001010
11000001101
10111111010
10111010011
10110100000
10101101111
10101001111
10101001001
10101011100
10110000000
10110100111
10111000010
10111001001
10110111010
10110100000
10110001000
10110000001
10110010011
10110111111
10111111011
11000111001
11001101011
11010000111
11010001110
11010001000
11010000100
11010001111
11010110011
11011101111
11100111011
11110000111
11111000101
11111101101
11111111110
00000000000
00000000010
00000010011
00000111011
00001111001
00011000101
00100010001
00101001101
00101110001
00101111100
00101111000
00101110010
00101111001
00110010101
00111000111
01000000101
01001000001
01001101101
01001111111
01001111000
01001100000
01001000110
01000110111
01000111110
01001011001
01010000000
01010100100
01010110111
01010110001
01010010001
01001100000
01000101101
01000000110
00111110011
00111110110
01000000101
01000010010
01000001111
00111110010
00110111101
00101111000
00100110001
00011110111
00011010011
00011000101
00011000101
00011000100
00010110100
00010001101
00001001101
00000000000
11110110011
11101110011
11101001100
11100111100
11100111011
11100111011
11100101101
11100001001
11011001111
11010001000
11001000011
11000001110
10111110001
10111101110
10111111011
11000001010
11000001101
10111111010
10111010011
10110100000
10101101111
10101001111
10101001001
10101011100
10110000000
10110100111
10111000010
10111001001
10110111010
10110100000
10110001000
10110000001
10110010011
10110111111
10111111011
11000111001
11001101011
11010000111
11010001110
11010001000
11010000100
11010001111
11010110011
11011101111
11100111011
11110000111
11111000101
11111101101
11111111110
00000000000
00000000010
00000010011
00000111011
00001111001
00011000101
00100010001
00101001101
00101110001
00101111100
00101111000
00101110010
00101111001
00110010101
00111000111
01000000101
01001000001
01001101101
01001111111
01001111000
01001100000
01001000110
01000110111
01000111110
01001011001
01010000000
01010100100
01010110111
01010110001
01010010001
01001100000
01000101101
01000000110
00111110011
00111110110
01000000101
01000010010
01000001111
00111110010
00110111101
00101111000
00100110001
00011110111
00011010011
00011000101
00011000101
00011000100
00010110100
00010001101
00001001101
00000000000
11110110011
11101110011
11101001100
11100111100
11100111011
11100111011
11100101101
11100001001
11011001111
11010001000
11001000011
11000001110
10111110001
10111101110
10111111011
11000001010
11000001101
10111111010
10111010011
10110100000
10101101111
10101001111
10101001001
10101011100
10110000000
10110100111
10111000010
10111001001
10110111010
10110100000
10110001000
10110000001
10110010011
10110111111
10111111011
11000111001
11001101011
11010000111
11010001110
11010001000
11010000100
11010001111
11010110011
11011101111
11100111011
11110000111
11111000101
11111101101
11111111110
00000000000
00000000010
00000010011
00000111011
00001111001
00011000101
00100010001
00101001101
00101110001
00101111100
00101111000
00101110010
00101111001
00110010101
00111000111
01000000101
01001000001
01001101101
01001111111
01001111000
01001100000
01001000110
01000110111
01000111110
01001011001
01010000000
01010100100
01010110111
01010110001
01010010001
01001100000
01000101101
01000000110
00111110011
00111110110
01000000101
01000010010
01000001111
00111110010
00110111101
00101111000
00100110001
00011110111
00011010011
00011000101
00011000101
00011000100
00010110100
00010001101
00001001101
00000000000
11110110011
11101110011
11101001100
11100111100
11100111011
11100111011
11100101101
11100001001
11011001111
11010001000
11001000011
11000001110
10111110001
10111101110
10111111011
11000001010
11000001101
10111111010
10111010011
10110100000
10101101111
10101001111
10101001001
10101011100
10110000000
10110100111
10111000010
10111001001
10110111010
10110100000
10110001000
10110000001
10110010011
10110111111
10111111011
11000111001
11001101011
11010000111
11010001110
11010001000
11010000100
11010001111
11010110011
11011101111
11100111011
11110000111
11111000101
11111101101
11111111110
00000000000
00000000010
00000010011
00000111011
00001111001
00011000101
00100010001
00101001101
00101110001
00101111100
00101111000
00101110010
00101111001
00110010101
00111000111
01000000101
01001000001
01001101101
01001111111
01001111000
01001100000
01001000110
01000110111
01000111110
01001011001
01010000000
01010100100
01010110111
01010110001
01010010001
01001100000
01000101101
01000000110
00111110011
00111110110
01000000101
01000010010
01000001111
00111110010
00110111101
00101111000
00100110001
00011110111
00011010011
00011000101
00011000101
00011000100
00010110100
00010001101
00001001101
00000000000
11110110011
11101110011
11101001100
11100111100
11100111011
11100111011
11100101101
11100001001
11011001111
11010001000
11001000011
11000001110
10111110001
10111101110
10111111011
11000001010
11000001101
10111111010
10111010011
10110100000
10101101111
10101001111
10101001001
10101011100
10110000000
10110100111
10111000010
10111001001
10110111010
10110100000
10110001000
10110000001
10110010011
10110111111
10111111011
11000111001
11001101011
11010000111
11010001110
11010001000
11010000100
11010001111
11010110011
11011101111
11100111011
11110000111
11111000101
11111101101
11111111110
00000000000
00000000010
00000010011
00000111011
00001111001
00011000101
00100010001
00101001101
00101110001
00101111100
00101111000
00101110010
00101111001
00110010101
00111000111
01000000101
01001000001
01001101101
01001111111
01001111000
01001100000
01001000110
01000110111
01000111110
01001011001
01010000000
01010100100
01010110111
01010110001
01010010001
01001100000
01000101101
01000000110
00111110011
00111110110
01000000101
01000010010
01000001111
00111110010
00110111101
00101111000
00100110001
00011110111
00011010011
00011000101
00011000101
00011000100
00010110100
00010001101
00001001101
00000000000
11110110011
11101110011
11101001100
11100111100
11100111011
11100111011
11100101101
11100001001
11011001111
11010001000
11001000011
11000001110
10111110001
10111101110
10111111011
11000001010
11000001101
10111111010
10111010011
10110100000
10101101111
10101001111
10101001001
10101011100
10110000000
10110100111
10111000010
10111001001
10110111010
10110100000
10110001000
10110000001
10110010011
10110111111
10111111011
11000111001
11001101011
11010000111
11010001110
11010001000
11010000100
11010001111
11010110011
11011101111
11100111011
11110000111
11111000101
11111101101
11111111110
00000000000
00000000010
00000010011
00000111011
00001111001
00011000101
00100010001
00101001101
00101110001
00101111100
00101111000
00101110010
00101111001
00110010101
00111000111
01000000101
01001000001
01001101101
01001111111
01001111000
01001100000
01001000110
01000110111
01000111110
01001011001
01010000000
01010100100
01010110111
01010110001
01010010001
01001100000
01000101101
01000000110
00111110011
00111110110
01000000101
01000010010
01000001111
00111110010
00110111101
00101111000
00100110001
00011110111
00011010011
00011000101
00011000101
00011000100
00010110100
00010001101
00001001101
00000000000
11110110011
11101110011
11101001100
11100111100
11100111011
11100111011
11100101101
11100001001
11011001111
11010001000
11001000011
11000001110
10111110001
10111101110
10111111011
11000001010
11000001101
10111111010
10111010011
10110100000
10101101111
10101001111
10101001001
10101011100
10110000000
10110100111
10111000010
10111001001
10110111010
10110100000
10110001000
10110000001
10110010011
10110111111
10111111011
11000111001
11001101011
11010000111
11010001110
11010001000
11010000100
11010001111
11010110011
11011101111
11100111011
11110000111
11111000101
11111101101
11111111110
00000000000
00000000010
00000010011
00000111011
00001111001
00011000101
00100010001
00101001101
00101110001
00101111100
00101111000
00101110010
00101111001
00110010101
00111000111
01000000101
01001000001
01001101101
01001111111
01001111000
01001100000
01001000110
01000110111
01000111110
01001011001
01010000000
01010100100
01010110111
01010110001
01010010001
01001100000
01000101101
01000000110
00111110011
00111110110
01000000101
01000010010
01000001111
00111110010
00110111101
00101111000
00100110001
00011110111
00011010011
00011000101
00011000101
00011000100
00010110100
00010001101
00001001101
00000000000
11110110011
11101110011
11101001100
11100111100
11100111011
11100111011
11100101101
11100001001
11011001111
11010001000
11001000011
11000001110
10111110001
10111101110
10111111011
11000001010
11000001101
10111111010
10111010011
10110100000
10101101111
10101001111
10101001001
10101011100
10110000000
10110100111
10111000010
10111001001
10110111010
10110100000
10110001000
10110000001
10110010011
10110111111
10111111011
11000111001
11001101011
11010000111
11010001110
11010001000
11010000100
11010001111
11010110011
11011101111
11100111011
11110000111
11111000101
11111101101
11111111110
00000000000
00000000010
00000010011
00000111011
00001111001
00011000101
00100010001
00101001101
00101110001
00101111100
00101111000
00101110010
00101111001
00110010101
00111000111
01000000101
01001000001
01001101101
01001111111
01001111000
01001100000
01001000110
01000110111
01000111110
01001011001
01010000000
01010100100
01010110111
01010110001
01010010001
01001100000
01000101101
01000000110
00111110011
00111110110
01000000101
01000010010
01000001111
00111110010
00110111101
00101111000
00100110001
00011110111
00011010011
00011000101
00011000101
00011000100
00010110100
00010001101
00001001101
00000000000
11110110011
11101110011
11101001100
11100111100
11100111011
11100111011
11100101101
11100001001
11011001111
11010001000
11001000011
11000001110
10111110001
10111101110
10111111011
11000001010
11000001101
10111111010
10111010011
10110100000
10101101111
10101001111
10101001001
10101011100
10110000000
10110100111
10111000010
10111001001
10110111010
10110100000
10110001000
10110000001
10110010011
10110111111
10111111011
11000111001
11001101011
11010000111
11010001110
11010001000
11010000100
11010001111
11010110011
11011101111
11100111011
11110000111
11111000101
11111101101
11111111110
00000000000
00000000010
00000010011
00000111011
00001111001
00011000101
00100010001
00101001101
00101110001
00101111100
00101111000
00101110010
00101111001
00110010101
00111000111
01000000101
01001000001
01001101101
01001111111
01001111000
01001100000
01001000110
01000110111
01000111110
01001011001
01010000000
